200
0.1
B6,583.11386116290942,258.81993131842546,8.1802160331364711,-6.3707342293280949
B7,717.9228115694184,75.313767196481422,10.597600406570828,-8.8986048616066427
B7,529.84608389928349,147.44061250790219,-4.8098817330363683,5.2032766316835222
A8,182.40806156522532,277.22153395849273,10.431316370393478,-9.6011003392929055
B10,230.03113445497252,495.69135204582517,-1.4862552103199791,-3.3296728707124981
B8,121.98543872391117,199.2609292552292,0.32715163756166277,-9.8215465311726717
A7,153.10851397450912,53.235912158957611,-9.773022336897645,7.8466137323538447
A8,741.43479210668318,588.04047507338623,8.9099428602362316,-4.9827747514118084
B8,669.92441890397379,460.87342215519493,-3.7352945846788526,2.9848189599525217
A10,553.49090171751652,178.67999024391088,-7.7563537981205055,-7.69632134334051
B10,1174.1720263459422,453.65729248596489,-6.7160194470503409,15.571220536736085
A6,1031.7479970102395,639.17111450667824,4.6596986234499784,9.4897586421711182
A8,673.78145019476528,221.40784510058342,-0.87888564347960596,-5.408871937062611
B9,801.74491807870459,516.20323529572693,8.869606785734403,0.73409778969888251
A7,922.39014399129417,514.58559395202826,7.3448153539865917,12.188588549369818
A10,316.99759277092625,662.40153882933339,-3.5742953776478688,4.4374366695709178
A10,642.16633878100913,107.16457981315054,-5.058636946963766,-9.1192622312036722
A8,168.96482516379805,535.17716953378056,-2.3237884165933638,-7.4524330215325696
B10,1012.6365559254963,530.03462563356709,10.120860938405139,4.3051777530841218
B6,205.96231187582293,287.1105201081935,-10.408854297877468,-8.8330324837231871
A9,1089.2559123710705,355.43682374237784,-0.77748937072633162,-1.7759830264130727
A6,393.76596058464594,212.50393870778817,8.3408680965973367,-5.5163320599076275
A7,892.41107446770889,400.69433433536869,-0.60257889395210662,-12.037479819171629
A6,22.727921046468907,518.96109214705871,-1.8402636990835801,10.807404514453328
B9,20.534718012519249,192.12108376234428,8.057759652337694,0.97540676613735489
B10,800.13626815096166,334.71349063830746,-11.034785734385405,-1.1981096689755097
A7,628.00717725909715,531.41860991687145,-2.4773377218613604,2.2919323726444425
B9,1155.2999080717236,566.59050398612931,3.9220132367048661,8.7595956338919301
B7,1130.9494707508784,122.38192244475277,1.6857709636129812,-14.453405204318386
A10,733.39602017861455,129.33507581480751,6.872813913342247,2.9654379002899507
B10,1187.3254420144342,235.81811839257017,-0.79962291567925714,-5.0833658818598799
A6,1164.9854756536893,207.48069938891618,-8.5970371222840836,10.729011851891311
B7,1069.7866199547539,241.65848274138094,4.2571022001372576,-0.74649672072767892
A10,1116.7241638515272,547.74265062169138,18.34590688165941,0.83424604488314991
B6,790.03372730819217,357.28217093003718,5.3095574578187161,5.9455746084098982
B10,172.83693796863417,396.13656075716312,-1.0506095786048242,-0.16226627963415563
A7,955.10074758238648,534.66247982767709,4.1856878738132917,0.14486994562778399
A6,40.456330307972216,568.25460975735359,-3.5840242145055452,-7.4570772069521309
B6,343.06950531962849,495.88885226282275,-11.607450258057288,-1.6471893636004573
B9,801.84811655431952,612.27309878059862,-0.99058644543209162,2.4490241068895529
B9,280.48844490948392,655.46941552002079,-7.2045688770219973,-15.258533665942963
A7,982.91402040780486,646.18004828338724,1.6247500988780086,6.5491345500696223
A6,70.686616204876373,683.34186931855857,2.6022541308673768,4.4153644144896091
B6,181.19215055344313,258.17110030614856,-6.185647276594767,7.8573384660173415
B9,445.21808797851997,302.99344278839112,5.6375446254814392,-0.11669213033771797
A6,1064.0762187143298,310.15962397169415,7.5083828212726527,-9.8751311950336778
A6,572.53441302347062,165.60721754642952,7.0544509058518692,7.7086714568977186
B8,671.33586501587695,598.80019649955727,3.9646798305993918,1.5705829349001323
B9,211.6050764024327,333.97282490680789,1.7707016461149605,-7.1406672995066458
B10,686.4048866579875,186.60423233912897,8.5170748997957233,2.4552035007378468
A7,1078.796815017987,567.05891279389914,-6.9668877598630194,-7.1737350760584153
A8,52.712705823495753,293.91373758177878,-9.3035786831974647,3.2491719131402839
A9,794.62131306747187,588.51689419130059,-1.356692411393162,-11.009688305134102
B8,202.91405348127711,90.513061135449391,3.9054848677791125,2.8617340974253693
A10,219.17129075624518,217.6684782474924,-6.2260548965561728,1.5270613806398781
B9,944.52846658687474,556.85032224103327,-6.4681712440453349,7.1403261211468569
A6,626.0,351.0,1.0641606129520333,-13.111414109797385
A8,989.41560605910377,529.99607187527101,-5.3679994942060958,-5.8267819102696592
B9,378.62221673308642,341.17017141586285,12.490953433671686,-1.7739679125529244
B9,1038.0608435990393,89.216338403539709,5.6098579882241513,15.173170889122842
A7,250.37885438407574,108.14819671503895,4.5509204527014884,9.8590861205308276
B6,112.50511038693524,593.2310165215124,-9.2455858513285207,-4.3348977335013448
A6,443.86068216748112,440.8674410381027,6.7995044469491113,4.044628776865058
A7,867.28695621957172,336.47971387757127,0.90615067452264597,-3.3563992050804949
A9,611.06433213733726,30.615507992210837,-15.657849809624651,-2.6091819635787097
A6,1008.0071709013228,417.76140421769696,-8.2301322432079225,-4.595137466009092
B7,958.83381524918786,482.05392932143212,0.60391529119164566,-1.1619703123950735
B8,956.98807341860277,280.41900924243328,-4.7909663484866716,9.5575432810552012
A8,702.43854883243841,560.46792934396433,-14.24392104457235,12.307392422407871
A10,400.27783443314138,102.74523963607815,-0.60518224370525431,-4.4385285126942051
B7,1122.5750013750103,381.53963326925265,-4.4808512756475274,4.1668365205658278
B9,350.96392209531922,156.23592901699246,11.113901256375355,7.9809495806363353
B6,450.15229868367913,147.92905481314557,-13.965666729486962,7.68465947083138
A10,96.556559060311088,203.08022624726513,1.0358326018752368,-6.7772602133495106
B6,894.79555315136338,631.52021879573294,1.399512975069567,7.2087067461160093
B9,64.093686555584483,578.35050192463677,11.672615808351154,-10.759449143445982
A9,989.38797782004008,35.429659588206711,-0.89426909510621022,9.9599338745564943
A8,19.812450513175484,425.17965183430749,5.5385158597958792,1.067981800702233
A7,530.0,529.0,-2.3475631723727801,2.277756141924244
A10,525.0,330.0,7.6041394620930856,7.9094977240249946
B10,76.520011422106023,79.819225916743576,1.6999759159838108,6.2890837856014148
B7,657.80370291074883,205.7387652521152,12.767946752097975,-7.0919633350703837
A6,1060.5274784753824,215.74851605718149,-1.3881648635438615,-8.9492098751257672
A7,265.44640588401205,12.834863252164855,8.915223563214548,-0.91151023146067633
A8,1117.9273237812142,218.74571016102797,-7.3256201047982916,6.8070030174941945
B8,28.458972178659309,272.77318996860276,-9.9279182916245592,-6.4078282752633609
B9,926.48685864926426,42.348949232791512,-3.1842974872222083,2.2894132317076927
B6,212.81180258101892,45.101241593707428,13.522526889670834,-2.5494024042272287
A7,740.84093770168238,216.80452286233779,-7.1866729701011316,-6.953540941190882
B9,580.08824180598742,123.21477733889583,5.1666420249595948,4.6527373076695753
A7,463.25254357846364,475.16581158753024,6.0323184939476624,-11.606626983268578
B9,334.0,406.0,-0.90402507493579609,-12.327589246978651
B8,437.83807328377554,598.66540727986842,-2.0239786773803714,10.565878533650366
B8,998.97698154216573,598.68453044767261,5.1651529130400125,-11.611311539465905
A6,582.0,331.0,-5.8011934512230745,6.8749716104178136
A8,408.0,394.0,1.6999758869675752,-9.8544447831285158
A7,470.47781990402916,16.660388477037962,8.846113760581952,9.3579887690526
B8,448.80390426599382,323.14988752477711,-13.374833975408777,4.4742008757994274
A10,605.57951708367182,521.64140403818544,12.34854545358816,-4.3484114334205621
A6,818.27286231373159,450.59504823268264,-1.1687893003179204,-10.568159684758264
B8,242.74965399919654,380.62685951759556,5.8472004784939555,5.2027078725638738
B10,486.25821286963316,493.1732218338322,4.4106096448098526,11.762234031509802
A8,730.81529668819837,36.669807105516213,-5.2764667648806594,0.081388298588441543
B7,991.89402204854889,84.592355229305255,10.276660956707344,-6.5337774345734889
B8,819.63692086073331,123.01393447776175,7.3933869560559078,2.1842543558957317
A6,854.51697314719343,412.63546853596887,-3.2289048927091697,0.85391635659658682
A8,1086.3551134280028,542.18672791859569,5.9840470684348066,4.4623862285071132
B8,100.08370839229903,25.091933846744489,2.5873528408919135,-1.7719012858195369
A6,511.0,355.0,-2.7607323623974303,-13.285406221539418
A6,175.15887430601404,373.96038653879606,1.8111988093289522,-10.351648209679793
B7,1061.4530163931972,93.229611532295721,9.9235509258712415,-1.2341543751249324
A6,824.32849730670694,669.52402984085484,6.3396909189875963,-5.5019866572756948
B9,1098.8308968237766,465.20716097044044,-0.28264967827796822,-9.9960046598313141
A10,369.21455683356766,436.51262190618104,-0.85299012194355894,-0.011918156077688202
A6,1056.211093328016,176.9468661175587,-6.4513053190855008,-3.5844546696858224
B6,446.35386965483076,56.879477848999123,-11.120250169558757,9.8013642219790675
A7,609.0,331.0,-7.3626543712365367,6.76692844721381
A9,468.07254022007896,673.63502371567574,-7.2705335318947659,-6.6527954701104877
A7,573.61987016379544,537.79282106476899,-9.5775511015417987,-6.5711770071956943
B8,533.04373807773618,284.2404814339863,1.6697913312443085,4.7637239928608981
A9,986.28690077154715,110.8750255761357,0.91974520397861603,10.28901781170959
A9,174.32428792460973,51.200393374455579,-10.048770218438996,1.2512235394615736
A7,591.11317495548928,51.881695365718627,-1.3414535222996151,9.9096166650133313
B7,554.0,330.0,-5.6813275200869038,-3.5753639287565804
B6,601.0,352.0,3.0010339027029769,1.2237680947420226
B10,239.47258061280451,287.48271729080574,9.0988664573618863,4.6258888160112468
B7,1039.9329905775451,432.1449918796489,-11.462091529908651,-8.3613383983103127
A8,260.97809262388239,427.19521997036765,-7.174357298983411,-10.527219507134197
B10,461.87412594840293,547.18362938382472,5.7224645838548547,-2.3180652149516003
B9,536.0,355.0,0.037982675281672762,1.6592693826270857
A8,916.97674767956471,351.72832224485603,-2.2483340753377208,2.4066770973293532
B9,781.48265354457419,98.524013955513169,-7.707330951945182,0.73153510842866254
B7,1174.4828245485528,478.11422352737276,-0.99478260032995003,12.022593396559131
A8,552.2399609885689,118.66998733680305,1.9371216340457433,-17.406700473991801
A10,410.39933928568308,639.63249159850295,6.8388011168718954,0.0035765937041969398
A9,799.81479478235872,28.014624188730764,-4.2434854664070301,2.1984891327657712
B8,841.88052953112469,618.1875221852938,0.82726701398083868,-6.724515241448052
A8,597.43749887211982,470.72812897333449,2.3632048076687289,4.6130954871180361
A9,243.20694613388986,449.49932516534813,-0.32528246233931846,-1.5485977826158308
A10,805.25501103127203,372.04450842452826,2.0474084261248842,-9.7881621735968807
B8,649.64078532104486,125.81506095416381,3.8467692496795909,4.3122996292762537
A8,1183.6239746504752,523.18973668886645,-3.5750489021259391,7.7943237629624358
B9,123.25348275450095,55.064066912456838,-1.8030896723213026,-12.610595869704529
A6,894.04302979562556,528.67753676398479,13.22135876830248,-7.8751455443953162
A6,347.165939080339,124.22006762738778,10.794037559516042,7.7250802789736337
B9,99.856494588199297,667.31689321026317,8.3085109406936226,1.0703048320246373
A7,353.374118094398,81.331531525628833,-5.2925710046495489,12.011976754999305
B6,769.47590380885276,615.20619507633921,-5.3367042328426155,-9.0247900353975936
A6,249.90925167832967,237.78873934533155,2.0811755550381879,-2.7456329689150047
B8,629.0486247227775,639.65790801276023,-6.8271883570529663,-5.5709041568973046
A10,711.60561236002434,138.12845287742567,-7.1276896377828916,2.5201159646658016
B10,609.60159397533641,447.80214453053935,6.8728994337362277,4.6684216644650691
B6,519.74834120003209,11.004866134832483,4.6319774452722031,-8.8625495737112576
A8,153.70530895750815,405.17297464893863,-16.828673284449941,8.5460573376493478
B10,1051.064345502019,51.278042169813652,9.4498626890188966,-1.9484941138045873
A6,968.92041554169009,303.95958073265155,9.7420759192589124,-1.0824987964272434
A6,401.01180501900603,134.76136492767779,-2.2043856355129261,-0.55893225621187259
A8,1145.9269743038994,426.19421976594583,-0.61614982095166715,4.5295334140530565
B7,838.17870888298091,590.97467015271582,12.133136119619259,6.9056988566168123
B7,828.9123393128026,20.28410552183847,8.4371251832330483,-0.76092433950648086
B9,663.89188889683351,39.740128530651198,-1.1895940116002333,-0.25105652039054371
B8,685.17975314316482,620.80614326903901,-7.5493805229632294,4.6818829436759923
A6,71.434084107633197,614.99322141263087,-5.640100953773997,-11.172610408733329
B8,529.85506136150411,540.61677651405262,3.8107129099137289,-2.8586018226318082
A10,171.88865737111792,14.307756497903409,3.9876151730480238,-2.1162410057897247
B10,202.52888448723814,397.89177319827689,-8.591505443292581,-1.8989583365844032
A7,1028.9509587813886,609.35207258000003,12.226491384096912,2.0922048135939324
B6,1129.4520073140366,445.70902385020554,5.6018766822230646,-1.09977513545038
B10,568.0,448.0,14.251731969936092,-1.530571757886376
A8,213.67711091116604,374.85158820945759,-2.5424374839336794,15.193982594240968
A7,341.25186266619875,469.98737957909316,-10.365237849710075,5.0031058444959768
A7,312.42905875101366,79.216088495511329,8.7778770333302916,7.3577074169593288
A8,864.63432993395213,673.37839825916569,-1.4315433298210518,-6.3826182924886528
A7,706.72688784098409,281.59416326688961,7.3371842128037663,-2.4292221492257946
B9,755.27086842829851,510.73217630168267,4.7680445916719547,0.44942232500124391
B7,493.03516243356114,560.82735641162094,2.6731897164999951,2.7693864267582029
A7,964.19569820190031,62.570381609802169,-0.4640291496964668,-2.7736612140005397
B7,768.54005769739001,443.45195639158982,2.6318805010666271,6.7235557320082746
A7,231.1799530925455,74.442306549822561,-1.2157551313278603,-6.2436672341711308
B6,866.31236579982271,394.94060417048627,-4.6796460354207916,5.5178412666216028
B8,869.31685555142917,256.6931780662257,-7.8461950162868828,1.7988275545541352
A9,499.42368384975271,639.46178404750913,-13.495956458656046,3.0784938782730493
B6,445.72844725206215,183.82088862087912,7.6859281505882482,13.069101078642131
A6,1048.8804116834951,375.62987979896894,0.77636925404760593,-11.168652223910213
B7,326.96770857344944,531.72175194156614,-7.4230500921254432,-4.0288142205018858
B6,548.18975444252919,240.67856487847178,-3.0820365039591664,-0.53454845654560801
B8,128.36087546125714,568.73556867786806,-7.9587836363999767,-1.4724261236257092
A9,774.49410451610856,688.69600104191443,2.9762001225646699,8.5554116690375359
A7,169.32698851708622,227.91846921627564,4.1217930936934275,-0.65966142641213121
B9,1048.317035120449,260.85852250364792,9.021108424357891,1.654219230028521
A7,923.89540115684247,382.75540941742167,-10.915803471837677,-11.143794486899086
A7,284.06910333158203,499.64755278871411,-2.7648218671338789,0.89125920027808547
B6,755.89281030757252,273.72043433555297,-8.6759453844241552,-3.8292447081004353
A10,884.93826091831306,320.6424689868719,1.4589165398301249,-12.441157776094856
B7,510.0463121491423,206.6604396248521,13.237972639715395,-4.446670622482702
B7,1070.1854853691675,449.20400915524095,7.7120762565478316,4.06982507111492
B8,389.14072581363808,628.7540320054394,4.7267271264908466,-1.1320970525633884
B7,1137.1499147975437,408.39653325086158,9.9430828730033625,3.3466340750911572
B10,783.26833515130681,187.52377586660117,13.017044828950901,6.7172005071579708
A10,422.77713421984015,48.427757504721143,-3.2903249227356746,-6.7563950502898686
























































124 116






















108 129 123














123 116













79 129







94 124 56






79 94
116 56




108 79






































































